2456472.82270     -0.32   0.57  0.1498    126145    -1
2456483.95016    -33.22   0.76  0.1495     59271    -1
2456485.85010     22.71   0.75  0.1490     59152    -1
2456487.93880    -18.24   0.82  0.1482     59645    -1
2456489.85458      1.33   1.21  0.1472     29138    -1
2456493.85599    -13.96   0.85  0.1567     51329    -1
2456495.91966     18.94   1.17  0.1577     19006    -1
2456502.84943     23.45   0.93  0.1486     56831    -1
2456507.85356     52.11   0.89  0.1489     57763    -1
2456509.81757    -54.74   0.84  0.1476     57377    -1
2456513.00211      8.30   0.87  0.1490     56970    -1
2456520.96920     44.59   0.87  0.1519     56803    -1
2456522.98899    -48.61   0.87  0.1487     58271    -1
2456533.93175     19.10   0.81  0.1503     58267    -1
2456549.80406     49.82   0.78  0.1482     76880    -1
2456552.85297    -36.22   0.72  0.1479     71456    -1
2456553.79830     37.06   0.74  0.1487     72508    -1
2456554.87454     36.13   0.74  0.1481     74348    -1
2456555.76664    -33.46   0.76  0.1486     73369    -1
2456559.76857    -16.31   0.73  0.1491     72881    -1
2456564.81648    -57.57   0.84  0.1477     72638    -1
2456565.70666    -25.88   0.82  0.1488     71031    -1
2456567.73441     24.61   0.79  0.1510     74387    -1
2456568.80700    -51.11   0.77  0.1493     73672    -1
2456571.78382     39.73   0.85  0.1483     71287    -1
2456572.69311    -31.27   0.79  0.1488     72696    -1
2456575.76569     48.11   0.71  0.1500     85450    -1
2456581.80726    -53.48   1.59  0.1817     11738    -1
2456582.77911    -12.93   1.61  0.1758     10692    -1
2456585.72553    -52.06   0.81  0.1495     69118    -1
2456586.67814    -39.24   0.83  0.1485     68781    -1
2456587.72095     39.73   0.81  0.1510     69638    -1
2456589.77508    -40.49   1.51  0.1809     11015    -1
2456602.67223    -54.11   0.83  0.1495     72321    -1
2456618.69613      6.01   1.46  0.1642     15409    -1
2456802.98690      6.61   1.34  0.1695     19596    -1
2456819.99050     13.42   1.12  0.1612     29306    -1
2456820.99116     55.44   1.05  0.1609     26073    -1
2456823.99086     -6.65   1.20  0.1661     23109    -1
2456829.97505     34.79   1.22  0.1670     17864    -1
2456837.98589     58.62   1.16  0.1596     32189    -1
2456840.97319      0.71   0.99  0.1584     31864    -1
2456842.96958     13.91   1.31  0.1600     29891    -1
2456844.95149    -15.85   1.06  0.1574     30959    -1
2456849.77295     26.03   1.36  0.1891     15535    -1
